ALX,ALY,ALZ,ARX,ARY,ARZ,EMG0L,EMG1L,EMG2L,EMG3L,EMG4L,EMG5L,EMG6L,EMG7L,EMG0R,EMG1R,EMG2R,EMG3R,EMG4R,EMG5R,EMG6R,EMG7R,GLX,GLY,GLZ,GRX,GRY,GRZ,ORL,OPL,OYL,ORR,OPR,OYR,LHNX,LHNY,LHNZ,RHNX,RHNY,RHNZ,HX,HY,HZ,LTX,LTY,LTZ,RTX,RTY,RTZ,SpineMidX,SpineMidY,SpineMidZ,SpineBaseX,SpineBaseY,SpineBaseZ,ShoulderLeftX,ShoulderLeftY,ShoulderLeftZ,ShoulderRightX,ShoulderRightY,ShoulderRightZ,ElbowLeftX,ElbowLeftY,ElbowLeftZ,ElbowRightX,ElbowRightY,ElbowRightZ,Myo_Pose_left,Myo_Pose_Right,Kinect_pose_left,Kinect_pose_right
0.956543,-0.2719727,0.01513672,0.9311523,0.2695313,0.1435547,0,0,-1,-3,-1,0,0,-1,2,0,-1,0,-2,-2,-2,-1,-1.6875,-1.6875,-1.6875,0.625,0.625,0.625,2.639472,2.948909,2.213619,6.769599,3.009583,9.357316,-0.1809144,-0.4049045,1.611863,0.198695,-0.4069444,1.56745,0.04173084,0.4930207,1.692202,-0.1290675,-0.392247,1.58603,0.153937,-0.391585,1.539881,0.02010095,0.02114055,1.702358,0.01175758,-0.3070149,1.688534,-0.1449205,0.1951606,1.679686,-0.07101511,-0.3005801,1.650584,-0.1981347,-0.09863572,1.666386,0.2438316,-0.08886787,1.655365,NA,NA,NotTracked,NotTracked,
0.9550781,-0.2714844,0.01660156,0.9243164,0.2714844,0.1430664,-1,-2,2,0,-1,-2,-2,-2,0,0,-1,0,-2,1,-2,0,-0.8125,-0.8125,-0.8125,1.1875,1.1875,1.1875,2.638564,2.948799,2.214516,6.768382,3.009249,9.359175,-0.1806684,-0.4055554,1.611556,0.1990438,-0.4079149,1.567438,0.04201221,0.4930336,1.691891,-0.1292368,-0.3934038,1.585603,0.15348,-0.3946761,1.53838,0.02015569,0.02122449,1.701969,0.01173694,-0.3069914,1.688196,-0.1449203,0.195141,1.679016,-0.07104252,-0.3005402,1.650156,-0.1981436,-0.09844369,1.665733,0.2437839,-0.08887979,1.654944,NA,NA,NotTracked,NotTracked,
0.9633789,-0.2709961,0.02050781,0.9296875,0.2709961,0.137207,-1,-2,-1,-2,0,-1,-2,-2,-2,-1,0,0,2,-1,-1,-1,-0.375,-0.375,-0.375,0.9375,0.9375,0.9375,2.63883,2.948661,2.214522,6.76747,3.008627,9.361468,-0.1814695,-0.4054701,1.610383,0.1986412,-0.408474,1.566851,0.04246153,0.4929964,1.691273,-0.1296683,-0.3935518,1.584826,0.1538019,-0.392225,1.539073,0.02025819,0.02127288,1.701332,0.01181032,-0.3070332,1.687661,-0.1447306,0.1950617,1.678061,-0.071024,-0.3005931,1.649606,-0.1981105,-0.09867085,1.665018,0.2438586,-0.08883578,1.654469,NA,NA,NotTracked,NotTracked,
0.9628906,-0.2700195,0.02148438,0.9262695,0.2749023,0.1401367,-1,-1,0,-2,-1,-2,0,-1,-2,-2,-2,-1,-2,-1,0,-3,-2.375,-2.375,-2.375,0.1875,0.1875,0.1875,2.635041,2.947969,2.216031,6.766843,3.008178,9.362512,-0.1808924,-0.4055204,1.610517,0.1987063,-0.4076073,1.566872,0.04267075,0.4929196,1.691101,-0.1294203,-0.3927449,1.585736,0.1533386,-0.3936672,1.537454,0.02033468,0.02127757,1.700915,0.01176954,-0.3070323,1.687366,-0.144482,0.1953037,1.677452,-0.07104927,-0.3005382,1.649223,-0.1980937,-0.09824845,1.664522,0.2438558,-0.08880337,1.654069,NA,NA,NotTracked,NotTracked,
0.9604492,-0.2700195,0.015625,0.9291992,0.2729492,0.1435547,-2,-1,0,-1,0,0,-4,0,-1,0,0,-1,-1,0,1,-6,-2.1875,-2.1875,-2.1875,1.125,1.125,1.125,2.62991,2.947519,2.217312,6.765459,3.007302,9.365436,-0.1811074,-0.4036419,1.609605,0.1984402,-0.4072863,1.566579,0.04293133,0.4929799,1.690773,-0.1295284,-0.3914005,1.585306,0.1537125,-0.3918984,1.538686,0.02044526,0.02137522,1.700525,0.01177304,-0.3069711,1.687054,-0.1443231,0.195355,1.676962,-0.0710618,-0.300457,1.648918,-0.1980427,-0.0981388,1.664129,0.2438829,-0.08876781,1.653678,NA,NA,NotTracked,NotTracked,
0.9584961,-0.2734375,0.02392578,0.9257813,0.2675781,0.1381836,-1,-1,-1,0,-2,-2,-2,-2,-1,-1,0,0,-1,0,0,1,-2.1875,-2.1875,-2.1875,-0.6875,-0.6875,-0.6875,2.629163,2.946693,2.214116,6.764901,3.007405,9.365609,-0.1813293,-0.4068947,1.608822,0.1988181,-0.4079752,1.566671,0.04317925,0.493037,1.690493,-0.12957,-0.4007612,1.581823,0.1536649,-0.3929432,1.537428,0.02045977,0.0214047,1.700271,0.01177251,-0.3069825,1.686809,-0.1439637,0.1955491,1.675959,-0.07105169,-0.3004334,1.648507,-0.1979274,-0.09778776,1.663619,0.2439552,-0.08871307,1.653397,NA,NA,NotTracked,NotTracked,
0.9638672,-0.28125,0.01904297,0.9501953,0.3217773,0.1176758,-2,-2,-1,-1,-1,-2,-15,-3,-1,-9,-7,-7,-2,-1,-1,-5,1.625,1.625,1.625,-6.875,-6.875,-6.875,2.62747,2.94911,2.215419,6.770542,3.009849,9.355019,-0.1811152,-0.406723,1.6094,0.1984102,-0.4072846,1.564528,0.04332583,0.4930934,1.690454,-0.128751,-0.3849455,1.583791,0.1531812,-0.394791,1.537596,0.02047661,0.02152162,1.700041,0.01176173,-0.3068938,1.686674,-0.1439179,0.1956833,1.675694,-0.0710541,-0.3002964,1.648281,-0.1978885,-0.09786817,1.663214,0.2439855,-0.08873748,1.653344,NA,NA,NotTracked,NotTracked,
0.953125,-0.2563477,0.01367188,1.206543,0.4375,0.1220703,-1,-1,0,-1,-1,-1,1,-1,8,-2,-17,-3,0,0,0,1,2.4375,2.4375,2.4375,-55.625,-55.625,-55.625,2.640518,2.954015,2.212736,6.706722,3.063895,9.356546,-0.1813672,-0.4072031,1.608904,0.1928237,-0.3990886,1.545552,0.04336492,0.4930709,1.690418,-0.1287854,-0.3896087,1.584074,0.1488954,-0.3832845,1.538867,0.02049817,0.02165324,1.699733,0.01168847,-0.3067148,1.686401,-0.143892,0.1958359,1.675467,-0.07116693,-0.3001344,1.647919,-0.1978256,-0.09787633,1.662906,0.2449638,-0.08900806,1.65666,NA,NA,NotTracked,Unknown,
0.9667969,-0.2719727,0.03515625,1.256348,0.4995117,0.5610352,-1,0,-1,-1,-2,-2,-7,-1,-2,-3,-12,-40,-15,-4,-1,-2,-4.0625,-4.0625,-4.0625,2.875,2.875,2.875,2.637955,2.952799,2.21271,6.394494,3.399146,9.605236,-0.1809336,-0.4068742,1.608552,0.1867233,-0.3391436,1.488308,0.0435189,0.4931001,1.690226,-0.1289555,-0.386627,1.584826,0.1605875,-0.3406684,1.522,0.02029051,0.02178895,1.699226,0.0110202,-0.306463,1.685929,-0.1438383,0.1957088,1.675069,-0.07199384,-0.2997784,1.647507,-0.1977946,-0.09780449,1.662326,0.2489246,-0.08263158,1.670661,NA,NA,NotTracked,Unknown,
0.9462891,-0.2832031,0.01708984,1.203613,0.8491211,0.7197266,-1,-2,0,-2,-3,-2,-4,-1,-3,-11,-45,-23,11,1,0,0,-7.375,-7.375,-7.375,39.6875,39.6875,39.6875,2.608201,2.948073,2.232519,6.378692,3.687817,9.678083,-0.1812111,-0.4073096,1.608577,0.1656792,-0.2155842,1.424342,0.04369147,0.493141,1.689896,-0.1293392,-0.3904115,1.584429,0.1224522,-0.2716851,1.451,0.01917849,0.02225855,1.698232,0.006863524,-0.3052846,1.684272,-0.1435697,0.1956661,1.674226,-0.07605788,-0.2982957,1.646078,-0.1978577,-0.09731042,1.66188,0.2525134,-0.06084834,1.684008,NA,NA,NotTracked,Unknown,
0.9541016,-0.2939453,0.015625,0.1162109,0.7226563,0.668457,-1,0,-2,-1,-1,0,0,-1,2,0,3,9,-17,-3,2,3,-3.3125,-3.3125,-3.3125,-28.125,-28.125,-28.125,2.582506,2.946829,2.252168,6.304837,4.68801,9.717837,-0.182455,-0.4061248,1.609148,0.1407429,-0.04901104,1.380418,0.04391763,0.4931187,1.689496,-0.1293712,-0.391672,1.584079,0.1086018,-0.04426673,1.373857,0.01900494,0.02239614,1.698047,0.006355138,-0.3049421,1.684096,-0.1430037,0.1956594,1.673253,-0.07640747,-0.2981334,1.645917,-0.1977803,-0.09700946,1.661119,0.2729489,-0.04013974,1.658202,NA,NA,NotTracked,Unknown,
0.9746094,-0.300293,0.02539063,-0.2197266,0.6064453,0.5361328,-1,-3,-2,0,-2,1,17,2,-5,-11,-6,-6,-12,-5,-1,-1,-6.4375,-6.4375,-6.4375,-7.3125,-7.3125,-7.3125,2.578324,2.956021,2.244895,6.293808,5.136732,9.73848,-0.1838576,-0.4062608,1.608585,0.1534544,0.1157924,1.413652,0.04446788,0.4928067,1.689135,-0.130369,-0.3942478,1.582962,0.09296007,0.1259214,1.485875,0.01901717,0.02236227,1.698132,0.006355011,-0.3048646,1.684213,-0.1421091,0.195404,1.672599,-0.07631438,-0.2982474,1.645922,-0.1977168,-0.09643697,1.660616,0.2573067,-0.03711765,1.627177,NA,NA,NotTracked,Unknown,
0.9726563,-0.2841797,0.01416016,-0.5087891,0.496582,0.5087891,-3,-2,0,-1,-2,-5,-16,-1,2,4,3,2,-7,0,7,-2,0.3125,0.3125,0.3125,32.9375,32.9375,32.9375,2.602862,2.971486,2.214993,6.401592,6.163674,9.835614,-0.1842497,-0.4071874,1.605271,0.1666804,0.2256607,1.461115,0.04420389,0.49251,1.688933,-0.1311131,-0.4138203,1.582541,0.1320507,0.2155426,1.5052,0.01897077,0.02125774,1.698257,0.005353256,-0.3079859,1.683438,-0.1418978,0.195174,1.67246,-0.07778881,-0.3011941,1.646631,-0.1975162,-0.09557012,1.659447,0.2637208,-0.04546559,1.575017,NA,NA,NotTracked,Unknown,
0.953125,-0.2749023,0.01513672,-0.6035156,0.4086914,0.4111328,1,0,0,-1,-1,-1,10,0,1,-3,0,-1,-3,-2,-10,4,-1,-1,-1,27.8125,27.8125,27.8125,2.642731,2.990591,2.172476,6.496045,6.491108,9.918679,-0.1837573,-0.4065318,1.60017,0.179587,0.2773145,1.500289,0.04398426,0.4921255,1.688732,-0.1317006,-0.4105661,1.583723,0.1391083,0.2718603,1.516667,0.02136355,0.02402806,1.69879,0.006002234,-0.3032741,1.682709,-0.140662,0.1958531,1.673253,-0.07765351,-0.2961183,1.64668,-0.1972234,-0.08809667,1.65784,0.2651574,-0.006361314,1.535869,NA,NA,NotTracked,Unknown,
0.9423828,-0.2719727,0.01171875,-0.6782227,0.2709961,0.1884766,0,0,0,-1,-1,1,0,-1,2,0,-5,-2,-5,-3,-2,3,10.5,10.5,10.5,13.5625,13.5625,13.5625,2.704246,3.014014,2.12366,6.828169,6.946862,0.2467724,-0.1833174,-0.408073,1.595503,0.139451,0.3660767,1.555672,0.04400923,0.4916091,1.688741,-0.1320822,-0.4044919,1.581387,0.08463717,0.3715226,1.596173,0.02146478,0.02429521,1.69891,0.006139585,-0.3006827,1.681884,-0.1373764,0.1964589,1.678697,-0.07808435,-0.2932032,1.646462,-0.1971666,-0.08379793,1.657373,0.2664829,0.0172306,1.517981,NA,NA,NotTracked,Unknown,
0.9506836,-0.3032227,0.03320313,-0.6948242,0.2094727,0.1118164,-2,-1,-3,-1,-3,-4,-12,-5,-3,-5,-3,1,0,0,-1,-2,19.1875,19.1875,19.1875,14.625,14.625,14.625,2.743424,3.018253,2.110291,7.123798,7.066536,0.5415313,-0.1823044,-0.4087431,1.593684,0.1363952,0.3772967,1.561513,0.04401628,0.4907818,1.68893,-0.132091,-0.3883035,1.581383,0.0804354,0.3719711,1.593065,0.02301495,0.0255963,1.699167,0.005625197,-0.299143,1.681156,-0.1360926,0.1968439,1.680346,-0.07889815,-0.2915007,1.646647,-0.1972572,-0.08098527,1.657752,0.2728016,0.03465746,1.502452,NA,NA,NotTracked,Unknown,
0.9365234,-0.3129883,0.02880859,-0.1904297,0.2558594,0.2177734,0,0,0,0,3,1,8,1,2,0,2,1,3,-2,-1,-1,18,18,18,-4.5,-4.5,-4.5,2.753263,3.01257,2.132327,7.54418,7.122645,0.9752884,-0.1813905,-0.4087244,1.595041,0.1289754,0.3812074,1.564988,0.04381697,0.4898557,1.689365,-0.1322128,-0.3852062,1.58106,0.06448045,0.3720804,1.589222,0.02416447,0.02620281,1.699298,0.005040288,-0.2983583,1.680553,-0.1353303,0.1968354,1.681643,-0.0796197,-0.2906963,1.64662,-0.1977255,-0.07829284,1.658748,0.2742876,0.04072682,1.497112,NA,NA,NotTracked,Unknown,
0.9433594,-0.3374023,0.04101563,-0.8461914,0.2080078,-0.007324219,-1,-1,-1,0,-2,-3,-16,-1,-1,0,2,1,-2,-2,-1,-1,15,15,15,-14.8125,-14.8125,-14.8125,2.715637,2.999222,2.205699,7.605089,7.096321,1.057047,-0.1831161,-0.4084404,1.600267,0.1588663,0.3321511,1.536719,0.04348118,0.4892421,1.689924,-0.1323462,-0.3926148,1.58205,0.1296392,0.3102156,1.582792,0.02475085,0.0265782,1.699376,0.004638891,-0.2977408,1.679916,-0.1350829,0.1969086,1.681703,-0.08007596,-0.2901025,1.646514,-0.1978281,-0.07808041,1.659313,0.2731328,0.04618545,1.494756,NA,NA,NotTracked,Unknown,
0.9511719,-0.309082,0.03710938,-0.7456055,0.3227539,0.02197266,-1,-1,-4,0,-1,-2,-1,-1,-6,-19,-8,-4,10,-2,-26,9,10.5625,10.5625,10.5625,-0.25,-0.25,-0.25,2.685092,2.993072,2.261873,7.521102,7.069918,0.9782272,-0.1842204,-0.4052767,1.604166,0.1484519,0.3373109,1.531252,0.04308059,0.4884326,1.690412,-0.1325607,-0.3923681,1.581179,0.1179871,0.311749,1.57292,0.02522007,0.026729,1.699454,0.004301263,-0.2972541,1.67953,-0.1350406,0.1969816,1.681859,-0.08044618,-0.2895426,1.646486,-0.1981337,-0.07812199,1.659914,0.2722594,0.04741542,1.495112,NA,NA,NotTracked,Unknown,
0.9599609,-0.2929688,0.06787109,-0.8017578,0.3012695,0.1030273,0,-1,-6,-4,-1,1,3,-1,4,20,11,3,-3,-10,8,-29,2.625,2.625,2.625,27.125,27.125,27.125,2.667538,2.989433,2.292154,7.352448,7.026089,0.7742462,-0.1860943,-0.4049559,1.605657,0.08376849,0.4097946,1.567152,0.0424858,0.488426,1.690742,-0.1323147,-0.3924941,1.58157,0.03907684,0.3743417,1.574203,0.0244751,0.02656216,1.699441,0.004018179,-0.2972675,1.679329,-0.1352037,0.19698,1.682149,-0.08072497,-0.2896085,1.646443,-0.1986355,-0.07774805,1.660552,0.2731209,0.04262885,1.496729,NA,NA,NotTracked,Unknown,
0.9545898,-0.2998047,0.04003906,-1.017578,0.09619141,-0.1445313,-2,0,4,0,-1,1,-2,0,-4,3,3,-2,-6,6,3,7,-5.875,-5.875,-5.875,30,30,30,2.650908,2.986709,2.303953,7.187683,6.92646,0.4944492,-0.1887174,-0.4106773,1.607472,0.2168757,0.1434076,1.506229,0.04146487,0.4892722,1.691457,-0.1363835,-0.3987751,1.582043,0.1815704,0.1208673,1.5732,0.02457301,0.02694517,1.699603,0.003979921,-0.2972445,1.679316,-0.1354397,0.1966954,1.682232,-0.08073509,-0.2896165,1.646455,-0.1991345,-0.07747301,1.661159,0.2661977,0.0290662,1.509969,NA,NA,NotTracked,Unknown,
0.9741211,-0.3066406,0.02880859,-0.6933594,0.4638672,0.06494141,-2,0,-1,-1,-3,-1,3,-2,-3,-3,2,3,-1,2,7,19,-6.3125,-6.3125,-6.3125,-29.125,-29.125,-29.125,2.654081,2.988428,2.286088,7.006076,6.797271,0.3042076,-0.1887581,-0.4109234,1.606405,0.1454195,0.2984646,1.452446,0.04043738,0.4897637,1.692139,-0.1367809,-0.391141,1.583848,0.1861759,0.3413734,1.446217,0.02332172,0.02654627,1.699542,0.003863084,-0.2972846,1.679275,-0.1361268,0.1965116,1.682566,-0.08084185,-0.2897624,1.646496,-0.1991687,-0.07769807,1.661496,0.2618092,0.01740287,1.523324,NA,NA,NotTracked,Unknown,
0.9448242,-0.3129883,0.03027344,-0.8305664,0.08154297,0.5600586,1,-1,-1,1,-2,-1,1,0,-12,-14,-9,-11,-18,-13,-3,-12,-7.4375,-7.4375,-7.4375,134.5625,134.5625,134.5625,2.676468,2.996243,2.250806,6.580995,6.462382,0.1065741,-0.1876947,-0.4120258,1.604682,0.149623,0.2404651,1.425525,0.03993979,0.4901298,1.692938,-0.1363997,-0.3929796,1.58289,0.1140257,0.3009735,1.47375,0.02256325,0.02613659,1.699833,0.003494235,-0.2985346,1.679311,-0.1376167,0.1959417,1.683081,-0.08109528,-0.2915393,1.646915,-0.1992224,-0.08128055,1.66199,0.2569966,-0.006371455,1.553604,NA,NA,NotTracked,Closed,
0.9370117,-0.2851563,0.03759766,-0.5136719,1.272461,0.4916992,-1,0,0,0,-1,0,12,1,-32,-17,12,34,27,10,5,-2,-9.3125,-9.3125,-9.3125,86.0625,86.0625,86.0625,2.712282,3.002845,2.200516,6.732326,6.228318,9.981442,-0.1870208,-0.4122167,1.602727,0.1434767,0.2119741,1.399106,0.03978712,0.4903881,1.693972,-0.1360764,-0.3978183,1.582848,0.1833408,0.266887,1.377217,0.02108267,0.02422121,1.700464,0.003188501,-0.3021969,1.679461,-0.1389354,0.1952721,1.683229,-0.0812868,-0.2959172,1.647997,-0.1986279,-0.08521618,1.662008,0.2571037,-0.01392448,1.557895,NA,NA,NotTracked,Unknown,
0.9628906,-0.2822266,0.0009765625,-0.6362305,-0.4584961,1.191406,-1,0,0,-2,-1,0,2,0,13,4,-4,-4,-6,-5,-4,8,-13.25,-13.25,-13.25,-44.8125,-44.8125,-44.8125,2.703112,3.00286,2.191346,6.2344,5.959334,9.95477,-0.1860757,-0.4114736,1.60177,0.1434365,0.1845056,1.382894,0.04009674,0.490583,1.694528,-0.1358169,-0.4002369,1.583179,0.1508953,0.2445325,1.397083,0.02030657,0.02294465,1.700882,0.003330512,-0.3040675,1.679625,-0.1393756,0.1949989,1.683096,-0.08086389,-0.2980253,1.648105,-0.1980005,-0.08664602,1.661701,0.2550842,-0.02018223,1.566118,NA,NA,NotTracked,Unknown,
0.9448242,-0.2827148,0.02539063,-0.3798828,0.730957,0.6674805,-2,-1,-4,-1,-3,-1,-5,-1,-12,-5,-19,-22,-2,-5,-10,-28,4.9375,4.9375,4.9375,272.1875,272.1875,272.1875,2.690894,2.999857,2.193059,6.436599,5.902704,9.865468,-0.1860761,-0.41078,1.60115,0.145408,0.1478453,1.389094,0.04108638,0.4908905,1.694994,-0.1372018,-0.428519,1.587789,0.1744148,0.2226592,1.391909,0.01998261,0.02251481,1.701186,0.003541326,-0.3045452,1.680045,-0.139486,0.1948571,1.682842,-0.08036949,-0.2985759,1.648115,-0.1978928,-0.08807284,1.661476,0.2506469,-0.01923382,1.574319,NA,NA,NotTracked,Unknown,
0.9428711,-0.3066406,0.02099609,-0.5263672,1.555176,0.6484375,-1,-2,-3,0,-2,-2,-2,-1,-14,-6,-4,0,0,0,-7,-6,-4.5,-4.5,-4.5,27.5,27.5,27.5,2.669253,2.992163,2.212292,6.470194,5.873055,9.873301,-0.1848823,-0.4116251,1.602633,0.1428722,0.1365128,1.387725,0.04222327,0.4912133,1.695808,-0.1332106,-0.3844524,1.582639,0.1755557,0.1730041,1.403167,0.01992406,0.02235973,1.701346,0.003976255,-0.3046464,1.680542,-0.1395831,0.1947955,1.682626,-0.07961158,-0.2987813,1.647966,-0.197931,-0.08899887,1.661558,0.2476584,-0.02156549,1.582667,NA,NA,NotTracked,Unknown,
0.9511719,-0.2851563,0.01708984,-0.6074219,0.1723633,0.6181641,0,-1,-2,0,-1,-1,2,0,14,2,4,4,3,3,2,6,7.1875,7.1875,7.1875,-86.6875,-86.6875,-86.6875,2.65405,2.986672,2.235524,6.235748,5.789104,9.868669,-0.1859358,-0.4117522,1.605173,0.1425883,0.1221515,1.385033,0.04315808,0.4913291,1.696188,-0.132752,-0.3951227,1.582632,0.168318,0.1953664,1.386789,0.01986914,0.0222665,1.701594,0.004371985,-0.3046106,1.681207,-0.1395795,0.1946697,1.682349,-0.07904942,-0.2988402,1.647964,-0.1979483,-0.0897687,1.661714,0.2477105,-0.02536241,1.588144,NA,NA,NotTracked,Lasso,
0.9624023,-0.3017578,0.02636719,-0.453125,0.4702148,0.5268555,-2,-2,1,-2,-1,0,7,0,-10,-4,-7,-4,-2,-3,-3,-7,3.1875,3.1875,3.1875,5.625,5.625,5.625,2.63772,2.983265,2.259009,6.279117,5.666306,9.874504,-0.186663,-0.4126942,1.607945,0.1457869,0.09920804,1.383488,0.04383228,0.491369,1.696338,-0.1340052,-0.3949766,1.584739,0.1677676,0.1707568,1.380263,0.01977106,0.02219801,1.701837,0.004699528,-0.304523,1.682068,-0.139683,0.1945777,1.682242,-0.07862864,-0.2988448,1.648038,-0.1980835,-0.09041389,1.661877,0.2493738,-0.03079878,1.596076,NA,NA,NotTracked,Lasso,
0.9589844,-0.2797852,0.03466797,-0.3623047,0.5322266,0.5366211,-1,-1,1,-2,-2,-2,-10,-2,-1,-2,1,1,0,1,-1,-2,6.25,6.25,6.25,-18.8125,-18.8125,-18.8125,2.643732,2.981868,2.26857,6.312417,5.519281,9.848901,-0.1878988,-0.4133727,1.608078,0.1497931,0.05978506,1.369647,0.04423839,0.4913776,1.696156,-0.1368179,-0.4177783,1.587,0.1532427,0.1228271,1.382429,0.01965869,0.02223194,1.701964,0.004714844,-0.3042125,1.682711,-0.1398982,0.1945497,1.682221,-0.07845148,-0.2986535,1.648085,-0.1979188,-0.08788134,1.662451,0.249819,-0.03562824,1.600531,NA,NA,NotTracked,Unknown,
0.9584961,-0.2998047,0.04052734,-0.1918945,0.409668,0.4775391,-1,-3,0,-1,-1,-1,-4,0,-4,0,4,1,0,-2,1,-2,1.625,1.625,1.625,42.375,42.375,42.375,2.647585,2.980999,2.268266,6.318913,5.313562,9.784677,-0.1876488,-0.412677,1.609954,0.1536254,-0.003307707,1.349008,0.04429976,0.4914179,1.69618,-0.1373576,-0.4226384,1.58976,0.1556295,0.05635051,1.347667,0.01919048,0.02224777,1.702306,0.004198551,-0.3039305,1.683438,-0.1402564,0.1944478,1.682343,-0.07859551,-0.2984467,1.648252,-0.1984928,-0.08974006,1.663352,0.2545929,-0.03986643,1.610562,NA,NA,NotTracked,Unknown,
0.9448242,-0.2929688,0.01806641,-0.1049805,0.6513672,0.4995117,-1,-1,1,-1,-2,-1,-6,0,-6,-1,0,0,-1,0,1,-4,7.75,7.75,7.75,-8.0625,-8.0625,-8.0625,2.659784,2.981829,2.265646,6.332778,5.006646,9.734886,-0.1881354,-0.4133832,1.611803,0.1654637,-0.109523,1.350674,0.04418171,0.4914286,1.696264,-0.1359087,-0.395623,1.587106,0.1528157,-0.06104874,1.3445,0.01882237,0.02217448,1.702539,0.003737149,-0.3039485,1.683782,-0.1407714,0.1944247,1.682659,-0.07891566,-0.2984003,1.648307,-0.1987078,-0.09123778,1.664064,0.2601771,-0.03288434,1.642792,NA,NA,NotTracked,Unknown,
0.9448242,-0.2836914,0.05224609,0.1303711,0.6240234,0.5483398,0,0,-1,-1,0,-1,4,0,-10,-2,-6,-3,-1,0,-4,-21,-3.125,-3.125,-3.125,25.25,25.25,25.25,2.68807,2.978559,2.242882,6.340263,4.609078,9.708462,-0.1870778,-0.4129318,1.612877,0.1733882,-0.2285008,1.378374,0.04344591,0.4914692,1.696483,-0.136552,-0.3996158,1.587461,0.1835657,-0.1957654,1.338879,0.01781566,0.02192594,1.702704,0.002398525,-0.3042996,1.683878,-0.142005,0.1938955,1.683358,-0.08015668,-0.2984988,1.648079,-0.1985619,-0.08989961,1.665402,0.2715487,-0.04397618,1.643201,NA,NA,NotTracked,Closed,
0.9716797,-0.2958984,0.02441406,0.6904297,0.8032227,0.659668,-2,-2,-1,-2,-1,-1,-7,0,19,3,0,0,-2,-3,-2,3,-6.75,-6.75,-6.75,64,64,64,2.68277,2.972636,2.237004,6.49325,4.03194,9.686538,-0.1854712,-0.413355,1.613422,0.1800745,-0.3098866,1.440022,0.04260247,0.4915037,1.696727,-0.1344804,-0.396982,1.586484,0.1947755,-0.3085525,1.397089,0.01716041,0.02173924,1.702863,0.001900748,-0.304507,1.684003,-0.1427581,0.1935132,1.683686,-0.08073445,-0.2984807,1.647885,-0.1985843,-0.09097434,1.666368,0.2535578,-0.05648678,1.647717,NA,NA,NotTracked,Unknown,
0.9672852,-0.2895508,0.02929688,0.8896484,0.6982422,0.5668945,-1,-2,2,0,-1,1,5,2,-17,-10,-4,-2,0,1,0,-5,-0.4375,-0.4375,-0.4375,35.875,35.875,35.875,2.680952,2.971307,2.233625,6.556185,3.775989,9.668213,-0.1842416,-0.4120601,1.614417,0.1813277,-0.3769815,1.494675,0.04189562,0.491495,1.697077,-0.1341196,-0.3923851,1.587193,0.2066945,-0.3729796,1.470555,0.01704828,0.02163042,1.70312,0.002183996,-0.3047625,1.684465,-0.1433104,0.1935638,1.684072,-0.08060171,-0.2985336,1.648008,-0.1987712,-0.09239371,1.667064,0.247674,-0.06573473,1.643106,NA,NA,NotTracked,Unknown,
0.940918,-0.2817383,0.02050781,1.04834,0.4560547,0.2387695,-3,-3,-2,-2,0,-2,-2,-1,1,0,0,0,-2,-6,5,-3,1.625,1.625,1.625,33,33,33,2.67927,2.972424,2.235873,6.678717,3.273443,9.60536,-0.18419,-0.4116093,1.615179,0.177949,-0.3950856,1.542951,0.04153159,0.491584,1.697164,-0.1342018,-0.3948874,1.588245,0.2197615,-0.3899885,1.531594,0.01699787,0.02159043,1.703188,0.00270325,-0.3048802,1.684948,-0.1436978,0.193662,1.684289,-0.08010609,-0.298597,1.648394,-0.1987626,-0.09374391,1.667756,0.2436036,-0.07056081,1.640558,NA,NA,NotTracked,Unknown,
0.956543,-0.2890625,0.04052734,0.8720703,0.5263672,-0.003417969,0,-1,-1,-3,-1,0,-3,0,20,4,2,-2,-4,-1,-6,-3,5.3125,5.3125,5.3125,-66.25,-66.25,-66.25,2.682205,2.972597,2.239855,6.775692,3.074051,9.444102,-0.1843913,-0.4112274,1.615071,0.1771347,-0.3949566,1.559762,0.04123848,0.491629,1.697358,-0.1340232,-0.3931413,1.587537,0.216694,-0.4107891,1.550833,0.01697076,0.02148313,1.703347,0.003131779,-0.3053234,1.685621,-0.1443952,0.1937941,1.685019,-0.07969805,-0.2989696,1.649139,-0.198931,-0.09343497,1.668978,0.2409459,-0.076856,1.641704,NA,NA,NotTracked,Unknown,
0.9526367,-0.2827148,0.02880859,0.9760742,0.4628906,0.2148438,-1,-1,1,0,0,-1,-3,-1,-6,1,0,1,-4,-1,1,4,5.25,5.25,5.25,-97.25,-97.25,-97.25,2.679824,2.967722,2.255983,6.648509,3.06198,9.4323,-0.1842249,-0.4089876,1.617265,0.177909,-0.3982166,1.562355,0.041078,0.4917015,1.697219,-0.1336667,-0.3882803,1.590425,0.223086,-0.3848512,1.560812,0.01690228,0.0214521,1.703461,0.003323712,-0.3055056,1.686405,-0.144807,0.1940483,1.685512,-0.07946752,-0.2991544,1.65016,-0.199017,-0.09302991,1.669894,0.2401338,-0.08069609,1.645617,NA,NA,NotTracked,Unknown,
0.9487305,-0.2924805,0.03759766,0.862793,0.2890625,0.3149414,-1,0,0,-2,-1,-1,5,1,4,0,-2,0,1,0,-1,-2,-0.125,-0.125,-0.125,24.5625,24.5625,24.5625,2.66704,2.963185,2.272264,6.549191,3.090992,9.50642,-0.1841848,-0.4091523,1.61912,0.1794104,-0.3996917,1.560246,0.04090492,0.4917055,1.696872,-0.13419,-0.3954518,1.588646,0.219155,-0.4171861,1.548273,0.01690688,0.02143871,1.703647,0.003720189,-0.3054732,1.687129,-0.1449838,0.194191,1.685825,-0.07901251,-0.2991645,1.650962,-0.1990587,-0.09414472,1.670719,0.2402815,-0.08311205,1.648782,NA,NA,NotTracked,Unknown,
0.9648438,-0.28125,0.02685547,0.8979492,0.2729492,0.2138672,-1,-1,0,-2,0,-2,-2,-2,-4,-6,-4,-1,1,0,-1,-3,-1.875,-1.875,-1.875,21.0625,21.0625,21.0625,2.655922,2.961057,2.282266,6.592061,3.115153,9.52436,-0.1848557,-0.4087142,1.620767,0.1807222,-0.3989027,1.55893,0.04090449,0.4915999,1.696404,-0.1349187,-0.427896,1.593917,0.222073,-0.403432,1.551954,0.01694752,0.02129505,1.70393,0.004112136,-0.3056458,1.68787,-0.1450338,0.1942287,1.685975,-0.07862768,-0.2993379,1.651659,-0.1990808,-0.09479036,1.671481,0.2405353,-0.08375205,1.649944,NA,NA,NotTracked,Unknown,
0.9594727,-0.2783203,0.02441406,0.9199219,0.2788086,0.1738281,0,0,1,-1,-2,-1,1,-1,4,-2,-2,-1,-2,-2,-2,1,-2,-2,-2,18.0625,18.0625,18.0625,2.659783,2.965775,2.27271,6.613516,3.109822,9.524478,-0.1846778,-0.4088042,1.620191,0.1815059,-0.4000718,1.559822,0.0408879,0.4915635,1.696112,-0.133159,-0.398475,1.591591,0.2171067,-0.434524,1.542273,0.01707193,0.02116976,1.704258,0.004604186,-0.3058251,1.688451,-0.145144,0.1943138,1.686382,-0.07819812,-0.29951,1.652043,-0.1990241,-0.09523527,1.672086,0.2405271,-0.08433204,1.650581,NA,NA,NotTracked,Unknown,
0.9521484,-0.2719727,0.03076172,0.918457,0.2954102,0.1928711,-1,-3,-1,-1,0,-1,-1,0,-3,0,0,0,-1,-2,0,3,-1.0625,-1.0625,-1.0625,-12.625,-12.625,-12.625,2.673553,2.968649,2.256144,6.616519,3.094043,9.514299,-0.1842319,-0.4104686,1.619698,0.1822886,-0.3995703,1.561918,0.04088092,0.4915213,1.695907,-0.1336797,-0.3979295,1.594031,0.217285,-0.4376971,1.543,0.01724072,0.02112517,1.704699,0.005056799,-0.3057793,1.689176,-0.1452644,0.1945268,1.687226,-0.07776543,-0.2994637,1.65259,-0.1989606,-0.09588442,1.672712,0.2406355,-0.0845937,1.651214,NA,NA,NotTracked,Unknown,
0.9550781,-0.2827148,0.02392578,0.9003906,0.2915039,0.2211914,-1,0,1,0,-1,0,1,-2,0,-3,-2,-1,0,0,-1,-2,-2.4375,-2.4375,-2.4375,-7.6875,-7.6875,-7.6875,2.692553,2.971321,2.232198,6.598733,3.091402,9.513459,-0.182618,-0.4099453,1.61849,0.1831132,-0.4021235,1.561315,0.0408693,0.4915169,1.695885,-0.1335154,-0.4000048,1.59281,0.2219117,-0.4171329,1.547373,0.01740152,0.02103666,1.70521,0.005399967,-0.3058447,1.689695,-0.1454222,0.1944923,1.687948,-0.07734225,-0.2995685,1.653235,-0.1987963,-0.0961302,1.673019,0.240924,-0.08517433,1.651905,NA,NA,NotTracked,Unknown,
0.9594727,-0.2915039,0.01953125,0.9038086,0.2822266,0.2060547,0,-1,-1,-1,0,0,-1,-3,-1,-2,0,-1,-1,-2,-1,-4,2.4375,2.4375,2.4375,-2.25,-2.25,-2.25,2.689162,2.971184,2.236042,6.596968,3.090199,9.513382,-0.1823478,-0.4087066,1.618343,0.1839383,-0.4023716,1.560344,0.04084276,0.4914331,1.695973,-0.1332078,-0.395163,1.591929,0.2236401,-0.4041367,1.547103,0.01761859,0.02096692,1.705697,0.005775132,-0.3058968,1.690061,-0.1453005,0.194465,1.68845,-0.07698695,-0.2996258,1.653502,-0.1986524,-0.09643574,1.673364,0.2410153,-0.08521587,1.652183,NA,NA,NotTracked,Unknown,
0.956543,-0.2871094,0.03173828,0.9238281,0.2836914,0.1904297,-1,-1,-1,0,-1,1,2,-1,-6,-4,-4,-2,-3,-2,-1,-5,1.625,1.625,1.625,6.3125,6.3125,6.3125,2.681816,2.970318,2.247021,6.610518,3.084116,9.510932,-0.1817821,-0.4088697,1.619669,0.184641,-0.4047065,1.560974,0.04085499,0.4914834,1.696126,-0.1334435,-0.3977964,1.592587,0.2321424,-0.3961559,1.563273,0.01780592,0.0208776,1.706125,0.006012923,-0.3059824,1.690453,-0.1451844,0.1945246,1.688955,-0.07674561,-0.2996725,1.65383,-0.1983471,-0.09489859,1.674049,0.2410463,-0.08541385,1.652368,NA,NA,NotTracked,Unknown,
